2 0.04807692307692308 0.7872596153846154 0.09615384615384616 0.4254807692307692
2 0.1622596153846154 0.8149038461538461 0.12740384615384615 0.3701923076923077
2 0.27524038461538464 0.7512019230769231 0.11298076923076923 0.3701923076923077
2 0.36538461538461536 0.7776442307692307 0.109375 0.3762019230769231
2 0.4579326923076923 0.8137019230769231 0.0889423076923077 0.37259615384615385
2 0.5396634615384616 0.7740384615384616 0.10817307692307693 0.4519230769230769
2 0.6262019230769231 0.7367788461538461 0.052884615384615384 0.33533653846153844
2 0.6862980769230769 0.7668269230769231 0.12620192307692307 0.4651442307692308
2 0.7620192307692307 0.7884615384615384 0.09615384615384616 0.4230769230769231
2 0.7872596153846154 0.7151442307692307 0.056490384615384616 0.31490384615384615
2 0.8185096153846154 0.7295673076923077 0.052884615384615384 0.28125
2 0.8713942307692307 0.7704326923076923 0.12740384615384615 0.45913461538461536
2 0.9362980769230769 0.7355769230769231 0.08653846153846154 0.31971153846153844