2 0.1814903846153846 0.5985576923076923 0.15985576923076922 0.8028846153846154
2 0.13701923076923078 0.6105769230769231 0.13822115384615385 0.7644230769230769
2 0.08774038461538461 0.5120192307692307 0.06490384615384616 0.7836538461538461
2 0.04447115384615385 0.5372596153846154 0.06370192307692307 0.7271634615384616
2 0.28125 0.5348557692307693 0.08413461538461539 0.8028846153846154
2 0.3161057692307692 0.3088942307692308 0.040865384615384616 0.5120192307692307
2 0.40024038461538464 0.5456730769230769 0.11298076923076923 0.8185096153846154
2 0.3293269230769231 0.4987980769230769 0.09975961538461539 0.8377403846153846
2 0.49038461538461536 0.5432692307692307 0.11298076923076923 0.7319711538461539
2 0.5276442307692307 0.38221153846153844 0.037259615384615384 0.4987980769230769
2 0.5673076923076923 0.5444711538461539 0.08413461538461539 0.7680288461538461
2 0.6935096153846154 0.5384615384615384 0.12980769230769232 0.7415865384615384
2 0.7536057692307693 0.4963942307692308 0.11778846153846154 0.8076923076923077
2 0.8617788461538461 0.5180288461538461 0.06009615384615385 0.7163461538461539
2 0.90625 0.4855769230769231 0.04807692307692308 0.7980769230769231
2 0.9555288461538461 0.4987980769230769 0.0889423076923077 0.8088942307692307