2 0.06610576923076923 0.6346153846153846 0.12259615384615384 0.33533653846153844
2 0.13942307692307693 0.5324519230769231 0.09254807692307693 0.38100961538461536
2 0.20192307692307693 0.6875 0.13221153846153846 0.45552884615384615
2 0.30649038461538464 0.6286057692307693 0.10697115384615384 0.421875
2 0.35216346153846156 0.4987980769230769 0.06971153846153846 0.3076923076923077
2 0.4206730769230769 0.5853365384615384 0.0829326923076923 0.38341346153846156
2 0.39783653846153844 0.5661057692307693 0.056490384615384616 0.18389423076923078
2 0.4651442307692308 0.6766826923076923 0.16346153846153846 0.4987980769230769
2 0.5552884615384616 0.6526442307692307 0.09014423076923077 0.40625
2 0.6370192307692307 0.5576923076923077 0.10336538461538461 0.3798076923076923
2 0.7283653846153846 0.6009615384615384 0.10096153846153846 0.41947115384615385
2 0.7740384615384616 0.46153846153846156 0.07091346153846154 0.2620192307692308
2 0.8365384615384616 0.6899038461538461 0.12259615384615384 0.49759615384615385
2 0.9387019230769231 0.5420673076923077 0.12139423076923077 0.3737980769230769