2 0.06971153846153846 0.6069711538461539 0.11658653846153846 0.32211538461538464
2 0.140625 0.5096153846153846 0.08774038461538461 0.36538461538461536
2 0.19951923076923078 0.6574519230769231 0.12620192307692307 0.4375
2 0.3004807692307692 0.6009615384615384 0.10336538461538461 0.4050480769230769
2 0.34375 0.47596153846153844 0.0673076923076923 0.2956730769230769
2 0.4098557692307692 0.5600961538461539 0.07932692307692307 0.36899038461538464
2 0.38822115384615385 0.5408653846153846 0.054086538461538464 0.17668269230769232
2 0.4519230769230769 0.6466346153846154 0.15745192307692307 0.4795673076923077
2 0.5384615384615384 0.625 0.08533653846153846 0.390625
2 0.6165865384615384 0.5336538461538461 0.0985576923076923 0.3641826923076923
2 0.7043269230769231 0.5757211538461539 0.09735576923076923 0.4026442307692308
2 0.7475961538461539 0.4411057692307692 0.06850961538461539 0.2512019230769231
2 0.8064903846153846 0.6598557692307693 0.11778846153846154 0.47836538461538464
2 0.9158653846153846 0.5192307692307693 0.13581730769230768 0.359375