2 0.05889423076923077 0.5973557692307693 0.11658653846153846 0.34375
2 0.1310096153846154 0.49399038461538464 0.09495192307692307 0.390625
2 0.19471153846153846 0.6526442307692307 0.13581730769230768 0.4675480769230769
2 0.30288461538461536 0.5925480769230769 0.11057692307692307 0.4338942307692308
2 0.34975961538461536 0.45913461538461536 0.07211538461538461 0.3161057692307692
2 0.4206730769230769 0.5480769230769231 0.08533653846153846 0.3942307692307692
2 0.39783653846153844 0.5276442307692307 0.057692307692307696 0.18870192307692307
2 0.4651442307692308 0.640625 0.16826923076923078 0.5120192307692307
2 0.5588942307692307 0.6177884615384616 0.09254807692307693 0.4170673076923077
2 0.6430288461538461 0.5192307692307693 0.10576923076923077 0.3894230769230769
2 0.7367788461538461 0.5649038461538461 0.1045673076923077 0.43149038461538464
2 0.7836538461538461 0.4206730769230769 0.0733173076923077 0.26802884615384615
2 0.8473557692307693 0.6550480769230769 0.12620192307692307 0.5108173076923077
2 0.9447115384615384 0.5036057692307693 0.109375 0.38341346153846156