2 0.12860576923076922 0.671875 0.040865384615384616 0.10697115384615384
2 0.18870192307692307 0.6646634615384616 0.036057692307692304 0.10817307692307693
2 0.2439903846153846 0.6586538461538461 0.036057692307692304 0.10216346153846154
2 0.6430288461538461 0.8377403846153846 0.09735576923076923 0.3233173076923077
2 0.8557692307692307 0.8088942307692307 0.09014423076923077 0.35096153846153844
2 0.8942307692307693 0.6850961538461539 0.03245192307692308 0.15985576923076922
2 0.9555288461538461 0.6682692307692307 0.052884615384615384 0.18870192307692307
2 0.890625 0.6057692307692307 0.026442307692307692 0.0625
2 0.8125 0.65625 0.042067307692307696 0.14423076923076922
2 0.7403846153846154 0.7055288461538461 0.055288461538461536 0.23197115384615385
2 0.7055288461538461 0.7103365384615384 0.03365384615384615 0.21394230769230768
2 0.7848557692307693 0.6995192307692307 0.05048076923076923 0.18870192307692307
2 0.6814903846153846 0.6899038461538461 0.051682692307692304 0.19110576923076922
2 0.578125 0.796875 0.06370192307692307 0.359375
2 0.53125 0.7908653846153846 0.07932692307692307 0.3293269230769231
2 0.4266826923076923 0.8713942307692307 0.12379807692307693 0.25600961538461536
2 0.3449519230769231 0.8653846153846154 0.08533653846153846 0.2692307692307692
2 0.296875 0.8125 0.0889423076923077 0.3737980769230769
2 0.43149038461538464 0.7632211538461539 0.08653846153846154 0.2536057692307692
2 0.46634615384615385 0.7307692307692307 0.06129807692307692 0.1935096153846154
2 0.3545673076923077 0.6887019230769231 0.037259615384615384 0.12379807692307693
2 0.3245192307692308 0.6790865384615384 0.03125 0.1045673076923077
2 0.3389423076923077 0.7151442307692307 0.03365384615384615 0.06850961538461539
2 0.06009615384615385 0.8545673076923077 0.09495192307692307 0.28966346153846156
2 0.016826923076923076 0.7728365384615384 0.03245192307692308 0.20072115384615385
2 0.06610576923076923 0.7391826923076923 0.039663461538461536 0.16826923076923078
2 0.07932692307692307 0.6526442307692307 0.03245192307692308 0.09375
2 0.11298076923076923 0.6706730769230769 0.021634615384615384 0.109375
2 0.16105769230769232 0.65625 0.02403846153846154 0.09134615384615384
2 0.21995192307692307 0.6430288461538461 0.015625 0.06490384615384616
2 0.02403846153846154 0.65625 0.016826923076923076 0.06971153846153846
2 0.040865384615384616 0.6514423076923077 0.020432692307692308 0.06610576923076923
2 0.0733173076923077 0.6394230769230769 0.028846153846153848 0.055288461538461536
2 0.0829326923076923 0.6538461538461539 0.01201923076923077 0.06129807692307692