2 0.20673076923076922 0.6694711538461539 0.19471153846153846 0.6598557692307693
2 0.3389423076923077 0.6466346153846154 0.15144230769230768 0.7067307692307693
2 0.36658653846153844 0.3942307692307692 0.039663461538461536 0.13942307692307693
2 0.49278846153846156 0.65625 0.12259615384615384 0.6538461538461539
2 0.019230769230769232 0.5360576923076923 0.037259615384615384 0.42908653846153844
2 0.59375 0.5889423076923077 0.11177884615384616 0.5889423076923077
2 0.7512019230769231 0.6286057692307693 0.078125 0.546875
2 0.8653846153846154 0.609375 0.12860576923076922 0.5612980769230769
2 0.8076923076923077 0.38100961538461536 0.04807692307692308 0.11778846153846154
2 0.7908653846153846 0.37740384615384615 0.025240384615384616 0.036057692307692304
2 0.90625 0.375 0.03485576923076923 0.06370192307692307
2 0.6959134615384616 0.5276442307692307 0.056490384615384616 0.38221153846153844
2 0.6478365384615384 0.5360576923076923 0.057692307692307696 0.42788461538461536
2 0.6682692307692307 0.38461538461538464 0.039663461538461536 0.10576923076923077
2 0.44591346153846156 0.42788461538461536 0.05048076923076923 0.12740384615384615