0 0.5516826923076923 0.2800480769230769 0.026442307692307692 0.04447115384615385
0 0.3545673076923077 0.3425480769230769 0.040865384615384616 0.038461538461538464
0 0.6598557692307693 0.3425480769230769 0.03125 0.054086538461538464
0 0.5168269230769231 0.35336538461538464 0.038461538461538464 0.051682692307692304
0 0.8569711538461539 0.41346153846153844 0.03125 0.055288461538461536
0 0.17427884615384615 0.4483173076923077 0.12980769230769232 0.2403846153846154
0 0.6658653846153846 0.4723557692307692 0.11778846153846154 0.25600961538461536
0 0.5192307692307693 0.4855769230769231 0.14783653846153846 0.28725961538461536
0 0.34134615384615385 0.5 0.16826923076923078 0.3245192307692308
0 0.8365384615384616 0.5192307692307693 0.109375 0.2536057692307692
0 0.6670673076923077 0.6478365384615384 0.0829326923076923 0.18870192307692307
0 0.1658653846153846 0.6610576923076923 0.0985576923076923 0.296875
0 0.8449519230769231 0.7163461538461539 0.10817307692307693 0.2956730769230769
0 0.5132211538461539 0.7235576923076923 0.10336538461538461 0.33413461538461536
0 0.3485576923076923 0.7319711538461539 0.09975961538461539 0.3557692307692308