0 0.09134615384615384 0.3425480769230769 0.04807692307692308 0.07572115384615384
0 0.39302884615384615 0.35336538461538464 0.04447115384615385 0.10216346153846154
0 0.9302884615384616 0.36177884615384615 0.026442307692307692 0.06370192307692307
0 0.3605769230769231 0.3641826923076923 0.025240384615384616 0.09975961538461539
0 0.5889423076923077 0.3737980769230769 0.037259615384615384 0.06490384615384616
0 0.6298076923076923 0.3870192307692308 0.04326923076923077 0.09615384615384616
0 0.8473557692307693 0.4338942307692308 0.03365384615384615 0.07211538461538461
0 0.8846153846153846 0.43509615384615385 0.02283653846153846 0.04807692307692308
0 0.20072115384615385 0.4411057692307692 0.07211538461538461 0.24639423076923078
1 0.6334134615384616 0.45552884615384615 0.030048076923076924 0.046875
0 0.9555288461538461 0.45913461538461536 0.06850961538461539 0.11298076923076923
1 0.8605769230769231 0.48677884615384615 0.036057692307692304 0.042067307692307696
1 0.7331730769230769 0.5180288461538461 0.125 0.25721153846153844
0 0.04447115384615385 0.5276442307692307 0.0889423076923077 0.2091346153846154
1 0.4543269230769231 0.5348557692307693 0.10336538461538461 0.20673076923076922
1 0.2932692307692308 0.5516826923076923 0.13221153846153846 0.22956730769230768
1 0.16826923076923078 0.5540865384615384 0.03365384615384615 0.07932692307692307
0 0.5625 0.5661057692307693 0.12980769230769232 0.19591346153846154
0 0.9555288461538461 0.5961538461538461 0.0889423076923077 0.17548076923076922
1 0.21153846153846154 0.6045673076923077 0.05889423076923077 0.09014423076923077
1 0.10216346153846154 0.6274038461538461 0.040865384615384616 0.08774038461538461
1 0.042067307692307696 0.6862980769230769 0.0829326923076923 0.13341346153846154
1 0.5709134615384616 0.7235576923076923 0.125 0.1310096153846154
0 0.296875 0.8305288461538461 0.12259615384615384 0.3389423076923077
0 0.4543269230769231 0.8353365384615384 0.1346153846153846 0.3293269230769231