0 0.11057692307692307 0.3473557692307692 0.04567307692307692 0.07211538461538461
0 0.39663461538461536 0.35697115384615385 0.042067307692307696 0.09735576923076923
0 0.9086538461538461 0.36538461538461536 0.025240384615384616 0.06129807692307692
0 0.36538461538461536 0.36778846153846156 0.02403846153846154 0.09495192307692307
0 0.5841346153846154 0.3762019230769231 0.036057692307692304 0.0625
0 0.6225961538461539 0.3894230769230769 0.040865384615384616 0.09254807692307693
0 0.8305288461538461 0.4338942307692308 0.03245192307692308 0.06850961538461539
0 0.8653846153846154 0.43509615384615385 0.021634615384615384 0.04567307692307692
0 0.21394230769230768 0.4411057692307692 0.06850961538461539 0.234375
1 0.6262019230769231 0.4543269230769231 0.028846153846153848 0.04447115384615385
0 0.9338942307692307 0.4579326923076923 0.06490384615384616 0.10817307692307693
0 0.9903846153846154 0.4699519230769231 0.018028846153846152 0.10697115384615384
1 0.8425480769230769 0.484375 0.03365384615384615 0.039663461538461536
1 0.7211538461538461 0.5132211538461539 0.11899038461538461 0.24519230769230768
0 0.054086538461538464 0.5228365384615384 0.10817307692307693 0.19831730769230768
1 0.45552884615384615 0.53125 0.0985576923076923 0.1971153846153846
1 0.3016826923076923 0.5456730769230769 0.12620192307692307 0.21875
1 0.18269230769230768 0.5480769230769231 0.03245192307692308 0.07572115384615384
1 0.9891826923076923 0.5540865384615384 0.021634615384615384 0.055288461538461536
0 0.5588942307692307 0.5600961538461539 0.12259615384615384 0.18629807692307693
0 0.9338942307692307 0.5889423076923077 0.08533653846153846 0.16706730769230768
1 0.22355769230769232 0.5961538461538461 0.056490384615384616 0.08653846153846154
1 0.1201923076923077 0.6189903846153846 0.038461538461538464 0.0829326923076923
1 0.05048076923076923 0.6742788461538461 0.10096153846153846 0.12740384615384615
1 0.5661057692307693 0.7103365384615384 0.11899038461538461 0.125
0 0.30408653846153844 0.8245192307692307 0.11778846153846154 0.35096153846153844
0 0.4567307692307692 0.8305288461538461 0.12620192307692307 0.33774038461538464