2 0.0985576923076923 0.5853365384615384 0.1971153846153846 0.7524038461538461
2 0.27283653846153844 0.5024038461538461 0.1502403846153846 0.6911057692307693
2 0.17307692307692307 0.4735576923076923 0.07091346153846154 0.41346153846153844
2 0.19951923076923078 0.3112980769230769 0.056490384615384616 0.18870192307692307
2 0.13221153846153846 0.296875 0.03365384615384615 0.14903846153846154
2 0.33533653846153844 0.4519230769230769 0.06850961538461539 0.44591346153846156
2 0.36778846153846156 0.4362980769230769 0.07091346153846154 0.3894230769230769
2 0.5012019230769231 0.49038461538461536 0.125 0.46153846153846156
2 0.44711538461538464 0.38221153846153844 0.04326923076923077 0.2283653846153846
2 0.5540865384615384 0.4014423076923077 0.04807692307692308 0.2668269230769231
2 0.6033653846153846 0.41947115384615385 0.0673076923076923 0.2692307692307692
2 0.7283653846153846 0.453125 0.07692307692307693 0.3713942307692308
2 0.9158653846153846 0.4362980769230769 0.055288461538461536 0.2620192307692308
2 0.9507211538461539 0.41947115384615385 0.0733173076923077 0.3076923076923077
2 0.984375 0.4098557692307692 0.03125 0.25240384615384615
2 0.8317307692307693 0.43149038461538464 0.08173076923076923 0.42908653846153844
2 0.7992788461538461 0.40625 0.042067307692307696 0.28725961538461536
2 0.6706730769230769 0.38822115384615385 0.028846153846153848 0.23557692307692307